1.000000000000000001
0.0005255177629780585
0.0005253400147171924
0.0005499931729185323
0.0005629511724418735
0.0004929138326624345
0.003380623276820936
0.0005648182911533973
0.0023324609558318925
0.0005658694740442226
0.0016268061392986169
0.000546342655474957
0.0011207312944534913
0.0005210966835821399
0.0006885486254467538
0.0026356397514169646
0.0006458235718616886
0.003123321502472503
0.0006384334744050616
0.00313791798245113
0.0006368877880695912
0.003140365904052962
0.0006352223899272695
0.003142977284596297
0.0006334375165472157
0.0031457547387108912
0.0006384859084220368
0.0031468881846941346
0.0006367367323740926
0.0031497604468600417
0.0006348786031061003
0.003152723307221044
0.0006328907517194416
0.0031557555177426336
0.0006307648701559414
0.0031588309632481883
0.0006284924013839412
0.003161918474397346
0.0006260645730838828
0.0031649820750776726
0.0006234724271863221
0.003167981715428606
0.0006282042179892989
0.003170702014620347
0.0006255402311331088
0.0031733739304520927
0.000622739192354762
0.0031756889512156478
0.0006197750334756959
0.0031775819271196645
0.0006166428390006702
0.003178997671606693
0.0006133372984934593
0.00317607204186685
0.0006175100829596322
0.0031751538455230583
0.0006137938979062264
0.003182525798924524
0.0006099592682124584
0.0031889413375100106
0.0006059749516184273
0.003194438612593373
0.0006018298898534297
0.00319911746173076
0.0005975080229738863
0.0032031435880396316
0.0005929874888352394
0.003206757836814951
0.0005964206495743485
0.0032023261822377276
0.0004769755085571188
0.0005793105676067534
0.011490335312645667
0.0004555543658730895
0.00425549892835158
0.0006339893789039727
0.004289824649654455
0.0006335723533181565
0.004290905190582045
0.0006331073720416575
0.004292108858879429
0.0006325903957068602
0.004293452836367302
0.0006320132008522159
0.004294957907899297
0.0006313657909614143
0.004296649564537453
0.0006306358975706262
0.004298559507858946
0.0006298083048511831
0.004300727762884149
0.0006334314753206166
0.0042993106137353635
0.0006328754247627444
0.004301116640052901
0.0006322519885023
0.0043030977789397466
0.0006315449690088961
0.004305282484113667
0.0006307375623561878
0.004307708240845923
0.0006298081990898194
0.004310425281638429
0.0006287287597437416
0.004313502151663937
0.0006274619423771436
0.00431703415887122
0.0006313111441919959
0.004315481848985367
0.0006303567500024397
0.0043184685725367504
0.0006292411711358815
0.004321817879621084
0.0006279102201696923
0.00432565070374789
0.0006262963754706623
0.0043301402155058065
0.000629802086469999
0.004328954256986737
0.0006284267535972204
0.004333111473402267]