0.597318
0.561258
0.006738
0.595632
0.590404
0.581514
0.479587
0.365347
0.006738
0.188483
0.568957
0.073328
0.596945
0.121471
0.531204
0.442770
0.331292
0.204755
0.586522
0.378439
0.049812
0.516470
0.243033
0.531456
0.006738
0.150934
0.566874
0.361011
0.436702
0.145174
0.564399
0.575780
0.006738
0.511487
0.494902
0.551641
0.111707
0.080889
0.215956
0.389717
0.237456
0.349416
0.593515
0.550539
0.084785
0.115217
0.179779
0.139505
0.208466
0.174958
0.270458
0.321590
0.491839
0.464839
0.417198
0.467269
0.489947
0.268728
0.431671
0.408029
0.305912
0.381310
0.542837
0.006738
0.006738
0.532003
0.437160
0.477397
0.442412
0.285469
0.401288
0.352707
0.262730
0.138489
0.520192
0.006738
0.006738
0.325593
0.191675
0.006738
0.507063
0.053265
0.081594
0.295202
0.460707
0.349387
0.338060
0.491527
0.073770
0.097325
0.468995
0.185250
0.492978
0.178278
0.122934
0.378176
0.241059
0.441932
0.006738
0.086340
0.409074
0.006738
0.079059
0.406850
0.376346
0.137019
0.154345
0.311641
0.312242
0.225990
0.238308
0.365005
0.231390
0.293074
0.254590
0.422765
0.325376
0.403262
0.552524
0.006738
0.513009
0.262696
0.066034
0.175912
0.460427
