0.598392
0.562214
0.006738
0.596714
0.591489
0.582573
0.480513
0.366095
0.006738
0.188873
0.569959
0.073488
0.598052
0.121722
0.532270
0.443756
0.332054
0.205230
0.587629
0.379249
0.049913
0.517507
0.243576
0.532449
0.006738
0.151263
0.567989
0.361850
0.437661
0.145505
0.565512
0.576843
0.006738
0.512568
0.495908
0.552733
0.111966
0.081074
0.216436
0.390634
0.238014
0.350203
0.594645
0.551660
0.084968
0.115482
0.180198
0.139839
0.208962
0.175386
0.271102
0.322309
0.492905
0.465849
0.418166
0.468333
0.491045
0.269376
0.432582
0.408958
0.306658
0.382218
0.543744
0.006738
0.006738
0.532891
0.437969
0.478148
0.443072
0.286022
0.401858
0.353160
0.263024
0.138600
0.521049
0.006738
0.006738
0.325999
0.192017
0.006738
0.507900
0.053355
0.081650
0.295561
0.461430
0.350046
0.338629
0.492408
0.073888
0.097420
0.469819
0.185424
0.493809
0.178483
0.123161
0.378702
0.241420
0.442690
0.006738
0.086451
0.409841
0.006738
0.079176
0.407517
0.377036
0.137251
0.154578
0.312224
0.312683
0.226234
0.238626
0.365577
0.231790
0.293565
0.255082
0.423413
0.326046
0.404079
0.553494
0.006738
0.513967
0.263264
0.066165
0.176269
0.461349
