0.999955 -0.008256 -0.001881 -0.002572 -0.001970 -0.001803 -0.000302 -0.000455 -0.000944 -0.000297 -0.000546 -0.000420 -0.000516 -0.000272 -0.000354 -0.000623 -0.000563 -0.000367 -0.000391 -0.000068 -0.000296 -0.000001 -0.000104 -0.000054 -0.000331 -0.000058 -0.000148 -0.000042 -0.000033 -0.000341 -0.000067 -0.000161 -0.000259 -0.000181 -0.000084 -0.000179 -0.000141 -0.000129 -0.000252 -0.000072 -0.000189 -0.000126 -0.000180 -0.000089 -0.000199 -0.000060 -0.000073 -0.000169 -0.000188 -0.000011
0.008172 0.999916 -0.009373 -0.002591 -0.000258 -0.000463 -0.001303 -0.001473 -0.000483 -0.000063 -0.000017 -0.000445 -0.000051 -0.000192 -0.000739 -0.000642 -0.000562 -0.000163 -0.000314 -0.000203 -0.000397 -0.000251 -0.000313 -0.000237 -0.000015 -0.000177 -0.000371 -0.000356 -0.000263 -0.000099 -0.000249 -0.000209 -0.000113 -0.000213 -0.000047 -0.000128 -0.000250 -0.000229 -0.000087 -0.000058 -0.000229 -0.000085 -0.000167 -0.000225 -0.000136 -0.000147 -0.000189 -0.000093 -0.000196 -0.000080
0.001919 0.009295 0.999908 -0.008052 -0.003376 -0.003014 -0.001183 -0.000422 -0.001567 -0.001295 -0.000168 -0.000966 -0.000631 -0.000384 -0.000513 -0.000213 -0.000561 -0.000199 -0.000276 -0.000125 -0.000100 -0.000140 -0.000276 -0.000194 -0.000071 -0.000392 -0.000041 -0.000049 -0.000187 -0.000279 -0.000348 -0.000321 -0.000227 -0.000121 -0.000231 -0.000110 -0.000086 -0.000065 -0.000158 -0.000062 -0.000040 -0.000185 -0.000030 -0.000193 -0.000037 -0.000172 -0.000016 -0.000209 -0.000011 -0.000108
0.002598 0.002635 0.007979 0.999950 -0.001621 -0.001213 -0.002652 -0.001828 -0.001315 -0.001617 -0.000904 -0.000950 -0.000102 -0.000130 -0.000472 -0.000060 -0.000054 -0.000142 -0.000307 -0.000508 -0.000334 -0.000417 -0.000026 -0.000075 -0.000473 -0.000093 -0.000385 -0.000049 -0.000399 -0.000020 -0.000322 -0.000026 -0.000001 -0.000307 -0.000191 -0.000055 -0.000048 -0.000114 -0.000260 -0.000226 -0.000097 -0.000145 -0.000147 -0.000113 -0.000167 -0.000024 -0.000122 -0.000173 -0.000066 -0.000215
0.001964 0.000261 0.003352 0.001530 0.999957 -0.005566 -0.004354 -0.002470 -0.001549 -0.000056 -0.001231 -0.001181 -0.001147 -0.000959 -0.000822 -0.000876 -0.000613 -0.000685 -0.000698 -0.000436 -0.000303 -0.000088 -0.000454 -0.000461 -0.000033 -0.000305 -0.000108 -0.000267 -0.000092 -0.000276 -0.000118 -0.000117 -0.000079 -0.000022 -0.000209 -0.000069 -0.000200 -0.000152 -0.000283 -0.000076 -0.000150 -0.000193 -0.000027 -0.000118 -0.000145 -0.000228 -0.000105 -0.000076 -0.000190 -0.000094
0.001821 0.000475 0.003025 0.001180 0.005502 0.999970 0.000128 -0.001731 -0.002003 -0.002080 -0.000468 -0.001130 -0.000689 -0.000601 -0.000341 -0.000711 -0.000166 -0.000517 -0.000032 -0.000294 -0.000461 -0.000419 -0.000376 -0.000191 -0.000095 -0.000305 -0.000298 -0.000330 -0.000141 -0.000309 -0.000080 -0.000354 -0.000253 -0.000232 -0.000089 -0.000176 -0.000027 -0.000080 -0.000266 -0.000200 -0.000027 -0.000031 -0.000096 -0.000152 -0.000152 -0.000167 -0.000069 -0.000185 -0.000067 -0.000074
0.000320 0.001310 0.001193 0.002630 0.004324 -0.000204 0.999966 -0.001730 -0.004914 0.000002 -0.002061 -0.000655 -0.000305 -0.000613 -0.001195 -0.001014 -0.000761 -0.000632 -0.000099 -0.000523 -0.000269 -0.000512 -0.000588 -0.000534 -0.000474 -0.000105 -0.000395 -0.000257 -0.000132 -0.000392 -0.000377 -0.000347 -0.000190 -0.000212 -0.000056 -0.000092 -0.000286 -0.000157 -0.000144 -0.000256 -0.000145 -0.000082 -0.000048 -0.000184 -0.000190 -0.000035 -0.000149 -0.000119 -0.000198 -0.000167
0.000475 0.001478 0.000430 0.001822 0.002471 0.001702 0.001673 0.999985 -0.001741 -0.001097 -0.001661 -0.000300 -0.000267 -0.000595 -0.000464 -0.001164 -0.001008 -0.000621 -0.000759 -0.000680 -0.000380 -0.000237 -0.000263 -0.000409 -0.000356 -0.000142 -0.000080 -0.000034 -0.000050 -0.000294 -0.000157 -0.000119 -0.000131 -0.000034 -0.000157 -0.000332 -0.000200 -0.000087 -0.000212 -0.000237 -0.000147 -0.000045 -0.000251 -0.000174 -0.000140 -0.000054 -0.000142 -0.000106 -0.000202 -0.000093
0.000957 0.000499 0.001580 0.001310 0.001564 0.001975 0.004893 0.001705 0.999968 -0.002234 -0.001636 -0.002435 -0.001586 -0.001967 -0.000567 -0.001286 -0.000169 -0.000456 -0.000001 -0.000712 -0.000642 -0.000225 -0.000082 -0.000576 -0.000449 -0.000027 -0.000250 -0.000516 -0.000351 -0.000101 -0.000214 -0.000377 -0.000038 -0.000038 -0.000146 -0.000111 -0.000234 -0.000277 -0.000044 -0.000016 -0.000016 -0.000138 -0.000229 -0.000198 -0.000123 -0.000030 -0.000154 -0.000148 -0.000132 -0.000145
0.000303 0.000076 0.001310 0.001607 0.000052 0.002070 -0.000009 0.001082 0.002184 0.999978 -0.003396 -0.001516 -0.002948 -0.001180 -0.000329 -0.001010 -0.000742 -0.000768 -0.000655 -0.000229 -0.000750 -0.000052 -0.000072 -0.000656 -0.000110 -0.000296 -0.000130 -0.000455 -0.000150 -0.000177 -0.000415 -0.000156 -0.000352 -0.000272 -0.000012 -0.000097 -0.000286 -0.000221 -0.000287 -0.000100 -0.000069 -0.000060 -0.000185 -0.000032 -0.000192 -0.000215 -0.000193 -0.000052 -0.000101 -0.000078
