0.999955 0.008280 0.001921 0.002597 0.001964 0.001821 0.000320 0.000475 0.000957 0.000303
-0.008310 0.999914 0.009396 0.002636 0.000261 0.000475 0.001310 0.001478 0.000499 0.000076
-0.001880 -0.009440 0.999906 0.008069 0.003353 0.003025 0.001194 0.000430 0.001580 0.001310
-0.002572 -0.002591 -0.008121 0.999949 0.001669 0.001180 0.002630 0.001822 0.001310 0.001607
-0.001970 -0.000258 -0.003376 -0.001733 0.999956 0.005640 0.004323 0.002471 0.001564 0.000052
-0.001803 -0.000463 -0.003014 -0.001213 -0.005681 0.999969 -0.000022 0.001701 0.001975 0.002071
-0.000302 -0.001303 -0.001183 -0.002652 -0.004354 -0.000029 0.999966 0.001773 0.004881 -0.000009
-0.000455 -0.001473 -0.000422 -0.001827 -0.002470 -0.001730 -0.001818 0.999985 0.001655 0.001077
-0.000944 -0.000483 -0.001567 -0.001315 -0.001549 -0.002002 -0.004905 -0.001697 0.999968 0.002196
-0.000297 -0.000063 -0.001295 -0.001617 -0.000056 -0.002080 0.000002 -0.001093 -0.002245 0.999979
-0.000546 -0.000017 -0.000168 -0.000903 -0.001231 -0.000467 -0.002061 -0.001660 -0.001626 -0.003259
-0.000420 -0.000445 -0.000966 -0.000950 -0.001181 -0.001130 -0.000656 -0.000300 -0.002433 -0.001501
-0.000516 -0.000051 -0.000631 -0.000102 -0.001147 -0.000689 -0.000305 -0.000267 -0.001586 -0.002944
-0.000272 -0.000192 -0.000384 -0.000130 -0.000958 -0.000601 -0.000614 -0.000595 -0.001967 -0.001180
-0.000354 -0.000739 -0.000513 -0.000472 -0.000822 -0.000341 -0.001195 -0.000464 -0.000567 -0.000329
-0.000623 -0.000642 -0.000213 -0.000060 -0.000876 -0.000711 -0.001014 -0.001164 -0.001286 -0.001010
-0.000563 -0.000562 -0.000561 -0.000054 -0.000613 -0.000166 -0.000761 -0.001008 -0.000169 -0.000742
-0.000367 -0.000163 -0.000199 -0.000142 -0.000685 -0.000517 -0.000632 -0.000621 -0.000456 -0.000768
-0.000391 -0.000314 -0.000276 -0.000306 -0.000699 -0.000032 -0.000099 -0.000759 -0.000001 -0.000655
-0.000068 -0.000203 -0.000125 -0.000508 -0.000436 -0.000294 -0.000523 -0.000680 -0.000712 -0.000229
-0.000296 -0.000398 -0.000100 -0.000334 -0.000303 -0.000461 -0.000269 -0.000380 -0.000642 -0.000750
-0.000001 -0.000251 -0.000140 -0.000417 -0.000088 -0.000419 -0.000512 -0.000237 -0.000224 -0.000053
-0.000104 -0.000313 -0.000276 -0.000026 -0.000454 -0.000376 -0.000588 -0.000263 -0.000082 -0.000072
-0.000054 -0.000237 -0.000194 -0.000075 -0.000461 -0.000191 -0.000534 -0.000410 -0.000576 -0.000656
-0.000331 -0.000015 -0.000071 -0.000473 -0.000033 -0.000095 -0.000474 -0.000356 -0.000449 -0.000110
-0.000057 -0.000177 -0.000392 -0.000093 -0.000305 -0.000305 -0.000105 -0.000142 -0.000027 -0.000296
-0.000148 -0.000371 -0.000041 -0.000385 -0.000108 -0.000298 -0.000395 -0.000080 -0.000250 -0.000130
-0.000042 -0.000356 -0.000049 -0.000049 -0.000267 -0.000330 -0.000257 -0.000034 -0.000516 -0.000455
-0.000033 -0.000263 -0.000187 -0.000399 -0.000092 -0.000141 -0.000132 -0.000050 -0.000351 -0.000150
-0.000341 -0.000099 -0.000279 -0.000020 -0.000276 -0.000309 -0.000392 -0.000294 -0.000101 -0.000177
-0.000067 -0.000249 -0.000348 -0.000322 -0.000118 -0.000080 -0.000377 -0.000157 -0.000214 -0.000415
-0.000161 -0.000209 -0.000321 -0.000026 -0.000117 -0.000354 -0.000347 -0.000119 -0.000377 -0.000156
-0.000259 -0.000113 -0.000227 -0.000001 -0.000079 -0.000253 -0.000190 -0.000131 -0.000038 -0.000352
-0.000181 -0.000213 -0.000121 -0.000307 -0.000022 -0.000232 -0.000212 -0.000034 -0.000038 -0.000272
-0.000084 -0.000047 -0.000231 -0.000191 -0.000209 -0.000089 -0.000056 -0.000157 -0.000146 -0.000012
-0.000179 -0.000128 -0.000110 -0.000055 -0.000069 -0.000176 -0.000092 -0.000332 -0.000111 -0.000097
-0.000141 -0.000250 -0.000086 -0.000048 -0.000200 -0.000027 -0.000286 -0.000200 -0.000234 -0.000286
-0.000129 -0.000229 -0.000065 -0.000114 -0.000152 -0.000080 -0.000157 -0.000087 -0.000277 -0.000221
-0.000252 -0.000087 -0.000158 -0.000260 -0.000283 -0.000266 -0.000144 -0.000212 -0.000044 -0.000287
-0.000072 -0.000058 -0.000062 -0.000226 -0.000076 -0.000200 -0.000256 -0.000238 -0.000016 -0.000100
-0.000189 -0.000229 -0.000040 -0.000097 -0.000150 -0.000027 -0.000145 -0.000147 -0.000016 -0.000069
-0.000126 -0.000085 -0.000185 -0.000145 -0.000193 -0.000031 -0.000082 -0.000045 -0.000138 -0.000060
-0.000180 -0.000167 -0.000030 -0.000147 -0.000027 -0.000096 -0.000048 -0.000251 -0.000229 -0.000185
-0.000089 -0.000225 -0.000193 -0.000113 -0.000118 -0.000152 -0.000184 -0.000174 -0.000198 -0.000032
-0.000199 -0.000136 -0.000037 -0.000166 -0.000145 -0.000152 -0.000190 -0.000140 -0.000123 -0.000192
-0.000059 -0.000147 -0.000172 -0.000024 -0.000228 -0.000167 -0.000035 -0.000054 -0.000030 -0.000215
-0.000073 -0.000189 -0.000016 -0.000122 -0.000105 -0.000069 -0.000149 -0.000142 -0.000154 -0.000193
-0.000169 -0.000093 -0.000209 -0.000173 -0.000076 -0.000185 -0.000119 -0.000106 -0.000148 -0.000052
-0.000188 -0.000196 -0.000011 -0.000066 -0.000190 -0.000067 -0.000198 -0.000202 -0.000132 -0.000101
-0.000011 -0.000080 -0.000108 -0.000215 -0.000094 -0.000074 -0.000167 -0.000093 -0.000145 -0.000078
